111 , 1111. ¹
1111111. - W. Dccchxxlx.

111 11111 111111, 1111111111111111111, ’

1111111111 111 1111- 11111111111111 111 11111 11111 111111111111 1111111 111 111
1111111111111111 1111111111111111 11. 1. 11111111 111 1111111111.

31111111Μ111111111111111111111111111.111-11111111161111161 111
111 111111 xxi. 111. 1. 111111111 11 111111111116111111 1111.

ῧ1111111111111111 111111111111111 111111 611111 memmium
· 111111 111111 11111111 (Β. St. 15111111811111111111111.

6111111111 1111111111 111 1111111. 81 11111 11111111 1111111
111111 11111 1111 111111 1111111 1111111111, 111 11111111 111111
11111 111111111111111111 1111 11 11111 111 1111111111 1111111111
8111111 1111 1111111 1111 111111 111111111111111111 11111·
111111 ⁸) 1111 111 11111111111111111111111 11111111 11 111 11111111
1111111111111111 1111 11 11 11111111 111111 111111111111111
111 1111 1111111111 11111 1111111, 111111111111 111 1111111111
1111111111 111111111111 111 11 1111 111 1111111 orben 6111111111 1111
θ11111111111111111 1111111111 111 111 1111111111 11111111 1111111111
1111 1111111111 11 111111 111111 1111111 1111 111111 11111111111111111111
111111 1111111111 11111111 11111111 1111111111 111111111111111 1111
111 1111111111 1111111111 11111111 1111 1111111111 11111111 111
1111111111 1111111 11111 11111111) 1111 1111 1111111, 111111 1111 111111
111111111111111111111111111111111 1111 111111 1111111111 111 11
1111111111 611111 111111111111111 1111111. (1111111111111111 1111·
11111111 11111111 111 11111 11111111 111 11111111111111 11111
11111 1111111111 1111111111 1111 111111 &christ 11111111 1111111, 111
11111 1111111 111 111 1111111, 111111 11111111 111111 111111 111111
1111 11111111111111111 1111111 1111 11 111111 11111 111111111111111111111
11111111, 11111 111111 11111111 111111 1111 1111 1111111111111
1111 11111111 1111111 111111 1111 11 111111111111111, 11111
111111 1111 111111111111111 1111111 11 1111111. (111111 1111111111
111111 111111 111111 111 1111 11. 11 11111111111111 6111111111

1111111111 1511, .
1111111 11111

11111111 111111.

1111. 111. 1111111 11111 1111 111111 9111111 11 1. 1111 1111111111 11111111 11111
1111111. 11. 111111 1111106111111. 1111 11111111 1111111111 111 1111111111 1. c. 111

 

