8888 855

.,15“8558888 speciei. 088 pro nostro Principe· 888 fnum mim
,μθ 5885555558 mensch 555 both· 55 55555 58555585( dignun quem ju.
„nemus or'ationibus'. Vale cum liber'is et uxbre. 28. Martii,

imum
§r

'aa'
:Hm ¹ . No. neccom-⁴

558 5888 5585585885 888 88588855. ‘

· 555858· 55888 58558585 885. 5555885585 5558888 885 555855 888 6858888558 888
’155558858888888885 88 55555555, 588 558 8. 5555. 58 58558 8888555885 88585188
m 8888588 58558 558 8888881555858588 8888888888 885 585 5558858855 55
mmm 5585858 8888588888. {m 55 1527 m 58 mit 558888 eoba 885 858588
3858 885 8558885888 8588 8588 88888 8888855888 585 5858588 8885 5858.
od 88888858 558 588 58855588 88 ’88888588 558885888885 8855888588 8588 58588
α 88858588 mm 518888 58 5885888 885 8855858 85888585 68885588 888 5588.

. ,

558558 55858. 5752 ὅ. 53. 588 8885 5585855888 5588 55858 5888 88 88588.Ι

1588 85858885 5888855888 8888885 3855855888 888 6858888585
52555588 88 685588 8885888 558588 88888558 58 5585558.

(5885 885 58585 58 2585585 8858888 58888 885 5855885. 55858885
5888855888 straus 8888 5588558888 5858 55 8888888888. 55855585 88585
588 8885 58885 885 8885 85858 88858588. 5885 558 8588 8585 588888
85-558 558588 5858 8588 55855888 88588 5855 85 588 euch 58855 5888 8855
885888 88885588 flu 558588, 58851 558 58585 5585885 58588 8888588888
588 558. ῦ585858558 8588 5885 monte 585 558588 585888 585 558 8885
8588 558558 88885885, 555 558 88855888 55888 85858 88555855 85 588
58855885 58888 8588 858585 885 585 8888 85858 88558, 855 588588 558
888 588 8855 885 8588 5585885 5585885 585 58558 555 8585 58 8888
55858588. 588585 588 5528555588, 55858 8858, 885 8558 5885588 885
6858885888 gu 585588 8885 5858888 85855588 2555588. 88 5558885888
8555888855 5. 5, 55885558 5555.

5758855885 585588. ,

 

T. Martinus Luffieruo. ,

