288 8528.
8. 88888. Ι : &1³0ch

888 388888 8888888888888888 818 6888888. ²
8888 88 88888888 888 mm 8888 uem ιι 888 mut

88888888. lx. 258. 8888. Ν. 888. 888888. Ν. 888. mn. m!
88888 xxm -

Θ8888888888888888 888888. 88888888888880888888818188
88888888 88888 8888 e.. 8.-88. 8888888888 888 8888888888881
8888 8888888 mmmm 8888888 888 888 m 81888 mn 1888888
8888888888. 8888 88 88 88888. 888 G· 88. θ. 888 88888888 88818818
8888 88888 8888888888 88888888 8888888888 888888 888888 affl·
88888 88888 8888888888 88888 8818 88888 8888, 888 8888888888*
88811. 8888 8888888888 88888 88888 88 8888, 888888 888 namn
88 888 8888 888888 8888888888 888 88 6888888 88 88888 uf 1
888 88888 8888 88888888 888 8888888 88888 8888 antonum!

8888 888 888 8888 88888 8888888 888 88888 8888 mma unt-
888 mir 8188 88888 8888888 888888 8888 88 8888888888, ·

memnona) 88 88888 888888888888 8888888 0. ff. Ο. 8881888 888
,8888888888 88888888. 888 888888 8888888888 888 8888888888 88888888
88 8888888 88888 888888 888 88888888 8888 88888 88881. 888 888 M
Wor 888 88. 8. O. 88888 88888888, metm 8888888888 888888. Ι25888
(8. 88. 88. ju hicnon 888 888 in 88888888 888 888188. §imit 888
88888188. 88888. 8888888888 und> 888888. 88. 8888.

ἐ. ff· 0·
8888888888888
ae. 888888. 888888.

Μ

8. 888888. ΝΟ. Dccchxvm

888 8888. 88888888.

8888888888888888888888888 8888888888888888. §.mmmm- 888828. mm
No. vccch. Dccchxl. Dccchxlv.

m

8888 8888888888 11. sn. 8. Quis& 888 8888888 xxl. 1095.

 

