7777777777 7777777777 7777777777777777.*) .

3777 Ι. 77777.

7777777 777777 7777 79. 7777. 7777. 777 77777777 7777777777 77
7777777 7777777777777 77777777 777 &tuot 7777777777 7. 77. 7777 77771
777777 78777777 777 6777777 777 7777777 7777777777 7777777.

6 77. M 7. u. Concionator MonacensiS, 7777177777 wne·
7777 7777777777 77777777 7777 7777777 7777777 777 7777777777 777·
777777 77 7777777777 777777. 7377. 977777 xxw. θ. 77. 73. 77777
77 77777 77 7777 7777777. - -

S. 59. Ν7. xxxvl. Porta Coeli 77 777 7777777 777 7777
77777777777777. 777787777777777 7777. 7777777. 777771777717717.
7777 7 tl> 7777 6777777 777 777. 7777. 77 777 7777777777 7777777777 ·
baben: „ex Herzberg enm venturum praesumsi.” 77777 &mm
7777. 77777 1. 777. 7777 777 77777 777 7. 7777. 7777777. »777 777 7777
7777777777 7877777 in: „quod patet ex collectione ejus (7777777777),
quae p. 32. b. extat epistolae ’² (7777 wohl 77777777 quod patet 'ex
7777777077, quae p. 32. b. collectionis ejus extat) ; 7777 77 7777777
777 7777777 7777777 7777777. wit 77777 777 7777 7. d. 7777717 777
7. 1577. 77777 77777777 777 777 777 777 777 7777777 LV. 6777777
777777 7777777 (7776.) 77777777 77777 7777. 77777 7777777. 6. 75.
7777 77 777 7777777 7776. 77 7777777777 7771777711. &- 37. 7777
7. 777 30. 7777. 7. 77. 77777777 77 &a 77 77777777 7777777777 rm·
777 777777 777 7777777777 777 67777777 777777 777777 777 7777777777
777777 777 777 77777 7777777777777 6777777 777 7777777777 77777777
77 7777 7777 777777 7777777777, 7. 7777777777, 777 77 7777 7777
ἱ7777 7777777 777. 7.

177777.. 7777717. 777 7777777777 &in mrim 777 77 77 77 777
mitte 777777 77777777777777 77..

ὃ 102. 1. 8 77 77777777 77777777. dies 77 77777 Β

7) 7777 77777777 777 77777777 777. 777. 77777 77 7777777777777777177777717.
7. 1. 77. 77 &mmm 77777. 777777. 7777. 77277 777. W· 77777777777· ’7777
7777. 7777777777 67777777 77 mm.

 

