22³ 1117.

111 11111 11111111 0111 111 11111 1111 11111 11111111· 111 1 ¹
111111111111111111111111 1111111111) 1111111 -1111 1
11 1111, 111 111 11111 111 111 11111111 11111111 1111111
111111 1111111111111111111111 11111111 111 1111 11111
111111111111111 111 1111 111 1111 11111111 111 1111 11 ss
thum 111 111 111 111 11111 111111 1111 11111111· n 21 .
1111111111111111, 1111111 1111111111 111111 111 ’
1111111111 11111111 1111111 1111111 111 1111111111 u .
111111011111111111111111111111111111111111 111. ·

11111111 1111 111 111111 011111 1118111111, U
1111111111111111111111111·11111111 111 1111111011 ’
1111111111 11111111 1111 11111 111111· 1111111111 1111111 11
11111 11111111 11111111 6111111111 1111111111 111 11· ’ ’
111 1111 11111111 11111 11111 01111 111111111 011111 11¹2
111111 11 111 111111 1111111111 1111 111111 11111 nm
11111. 111 1111 111111111 1111111111 11111111111111111Ι 1 ι
61111 111 111-111 11111 1111111111 11111111111111111111-
1111111 111 111111 111111 111111 111111 11 11111· ’111 ιιζ
1111111111 111 61111 111111 1111111111 11111111 011111· 1 s*
1111111111 11111111111111111111111111111 1111 61.
111 1111111111 1111 1111111. 1111 111111 1111 1111111 :2
111111 11111111 111111 1111111111111111111Β1111 11 1
11111111 1111111111 111111 1111 1111111111111111111 1 ¹-
1111111111111111111 111 11.

1111111 111 11111111 11111 11111111 61111 1111111 =
111 1111 111111 111111111111 1111 1111111111111 11111 .,
111 111 111 stit 1111 1111111111 111111 1111111111 1111111 om
1111111 111111 111111 11111111 111 111 111111111111111
11111. omit [11111111 111 11111 11111111 11111111 111111
1111111111, in 1111111111 11111 1111111 1111111 111111 11 1
11111111 6111111 111111 11111 1111. 1111 111111 1111111 1
11 611111111111111 11 111 11111111111111111 11111111
1111 1111111 11111111111111, 111 111 111111 1111 111 111
111111 1111111 mr 11111 1111111111 11111. 1111 1111 1111 ι

111111 1111111 1111111111111 111111111111111 1111 111 fam m
111 11111111 1111 11111 111 1111111.

11 111111 1111111 111111 senatun, 11111111 111 111111
111111 111111 111 11111 11 11 11 11111111 11111111 11111

.------·······-····
1) 1111. 1111111111.

 

