28· ’ 1525. ί Ν
99. 6999999999. ι mmmmm.

999 999 9999999999 39999999. ’

9. 9999999, 999 99999999 9999999 9999999 9999 9999999999 99999 9999999 99Υ
9999999 999 999 99 99999999 9999999999.

-Q

399999 999 9999 99999991 999 999999 9999999 99999999 999 99999 &amm .
ὅ 99 9999 99999919 xxl. 929 999999999999 9999999199999999999

mem 39999999999999999 5999999999 8999999 999 &mr
69999 39999999 699999 99 6999999 999 1999999999 9999
9999999999 {abaciam 999 99999999αῇ9 99 9919999999
99999999 9999999999 69999. ‘

&aab 999 999999 99 999999. 9999999. 9999999999 99999 999999·
9999 9999. 9999 999999 9999999999 99999 999999 999 9999999 9999
9999 99 Q. 9. W. 99. 99 9999 99999 9999999999 999 99999 99. cart·

’ 9999 999999 999 999 99999999 999 999 99999999 99 9999999999999 999

999 9999 99999999 99999 9999999999999 9999999999 999999 8999999999
9999999 999 9999 9999 99999 99999999. 99999999 999 99 99999 99 999999
99999, 999 99 9999 9999999999 9999 999999 9999 999 9999 999999 999
99 999 99999999 999999 [oute. 999999 99 Ε. 9. 99. 99. 99 9999 999999
9999 ia„ ’99 9999999 99 9999999999 9999999 99999999 999 999 99 99·
99999999 9999999 999 9999 9999999999999 99999999, 999 999 0. 2.
(f. (9. 99 9999999999 99999 999 9999 999999 99 999 99999 9999999 999999
99999 99 9999 999 999 {a} 9999999999 9999 9999 999999999 9999999999
99 9999999999 9999 99 9999999999 9999999 9999999999 9999999999 999 999
999999 etheit 999999. 999 99 9999 999 999999 999999 9999999999
9999999999 9999999 99999 99 9999 99 9999 9999999999, 999 99 91999
99999 99999999 9999999. 9999 99999999 9999 9999999, 999 99999 999
999999 9999999 9999999 99999999 999 Q. 99. ff. (9. 9999 999999 999 999
99999999 999 9999999999 999 9999999999] 959999999999999 999 99
99999999.

99. 99999999 999 999 99999 9999 999 9999999999 999 9999 etit·
9919999999 9999 9999999 (9999 999 (99999 99 999999 999999 999 999 99
99999 99999999 99999 8999999 9999999999 9999999199 9999999 99999·
tbctfflrrfimeifiuna 99999999. 6999999 9999999999999999 9999999
999 999 9999999 99999999 99999999 9999 9999999999 99 99999999,
999 99 99999 99999 99999 999 999, 999 99999 99999999 999 09999

 

