15275 229

515555 51155 15555 55111155511555, 151 1151551511 11115. 65151
:tw 151 51111 151 555 155 5511111511111555515155.1155111515

0511555 111551 1511 115 111551151 151 11111515 115555 1551551111
5515555151 55551115551111115551 15151515155111151555151
5151551155555151 555515551151 1515151 115511115151. ·
15111111111111’1.’11ἓ1ῗ1.ἷ“1ἰ“1.1ἷ1ὲ”’111
ἓῡ5511111155551 55511551515551 5115155551 151 5115 555515 11551
’155555 5515111515 111111 151 15 5151511155 5511 1555 1115551 151
151 5151515111 151 15511555 1515555155 151511 151 515115 15 11515 555551
;5115551551515 11151, 151 515115 5115 151515511155515551 151 115
’1115515511 5151115551 5515 5551555 6111551 5111151155551115551511515
’5511515 1515511555 511111 151155 65511 5511 1111551 1151181115
’ ’15511 55111155 555515 1151 51511115 11555555 151151155511
'· 15115 5115 11511 5551515151, 51151551 115155155111151 5155 11511511
Ι 11551 5515 1151115115115111551111555515515515515515 115 1151·
· 15565511115511111511555555111551 15 15515155 155
151111555111551655515151615151155115.11555151
, 55111 11155 111111 555 15111551 1515 15111551 111155111155. ·
= 11151111511515511511151551 55111515 1511151151515515551155
5551515555111115111 55511 11111111 5551155 151515155 151 5151 11
15551155 55551551 15111 1555 115555 5155 Β555115551515151 155551
15115 11111151151155555551515111 1551 551 1515 15515511 1515155551
11515511115551555 15515 1515 55115511511111111. 1115111555 551
115 155115155511151115551 5551515 511 111551 51115111 1555551
5555155. 1555 115 eatan 111111 51151 5515 11515511 15155 5111
51151551 1551111 1515 11 1511111115 55115 555155 15155 1155551
15515115515551155155115511, 511 511 5115 51155 155515 51
115151. 11515 111 11111155 5511511551 1555 15115555511155515
111551. 1111 111515 5111155115 51 551 1155515 15 511555 5511111515
115155 onte 55151 111 511151 111151 1555 551 115151 115555.
1155151511.

k

m

15. 1155511151. 11051100011111111.
111 1511555151. · -

1. 151511 1. 115. 51551 13511. 151 1151111155 6555515555) 155555 151155 15515
55555511555115151555. ι - ι ἱ

-

 

