111 1121.

· mmmm. 111. 1100001111.

111 111 1111111111 zoua-m.
11111111111111111111111.

mmmmm 111. 11ιὸιῆ meanto» 11111 mm
1 .

&aaut 111 1111111111111. mimae 1161111111 11.
mammam& tm 111111111111111. 111111
11111111 1111111 11 11 1111111111ῑῆ 111 11 11111 11111111· m ·
M! 11 1111 11111 6111111 11111111, 1111 11 1111 11 11111 1111 ρ
1111 111 111 11111 111111111111111 mmm 111111. 11 11 11
vamum 1111 011111 111111. 'Gn 11111 111 multumt 0· ,
1. ff. ὓ. 1111111 1111 111111 mu 111111 11111 111 tunm, .
1111111111, 111 11 11111 11111111 8111111111 111 1181111111.
111 111 11111111 1111111 1111111 11111 111111 11111 611111 ffl-
1111 11 111 81111111 1111111 111 111111 11111111 1111. 1111 ω
111 11111111ώ 1111111 neuim 111 11111111 11111 61111111 Mum! h
1111111 111, 11 111111 11111 1111111111 111 1111 1111111 1111 11111
111. mrum 11 11111 mmm 111 111 11 1111 111111 11111 ‚fam

’ 1111 11111111161111 1111111111 111 11611111 11111111 111. 0.

1111111111111111111111, 1111111111 11111 1111 1111111. 11111
11111111 11111111, 111111. 11111111 111161 1111111111 1111111.

11. ‘u'- 111.
1111111111111
1111111111 111111.

-ι--ο-ι--Δι

1ο. 1111111111. N0. Decccxxvn.
111 311111 31111.

1111111111 1111 111 1111111111 1111111111, 111 1111 6111111111 111111 1.,
111 1111111111. 1111111 11111111.11111111 1111111111 11. te 111 1111 1111111111
111 1111111 1111111111.

fflen Aur1faber 11. 362. b. 9111111 111 1111111111. 2118.

Gratia et pax. Hac hora decima regressus domum (electione,
1111 accipio literas, quibus ad decem versus lectis, edita mihi

 

