1111. · 11,

modo quia heare 111111 possunt, consentiunt· iio, 11111 faciunt,
11 ptolomeus, ideo pori-poem digni, Rom. 1. Ε11111111111111’
eredo mis mgnum esse, quod christus flagellis 111111 vi ,αἰ
pulit vendentes‘et ementes de templo. Perge igitur, illorumque
vocibus 1111111 moveam, ao nlo in Domino cum sponsa 1111.
Veniente M. Eberhardo honorabo quantum 1111111111 1111111111 “
111» Die S. Martini-Mum. ,

Martinus Luthor..

moveam. · Nchchfl„

1111 111 1111111111 1111111111.
&tunt 1111111111 1111 111111 111 0111111111 11111111111111111 111111111111.

m

mmmmm zeugis} glun& 111. 301 11101. xlx. 3⁵&
1111 .139. ·

611111 ono 111 111111 11 111111. 1111111111. ovone·
111111 §autonomon 11111 ε. 1. 11. 11. 111111 111111111111
111ω1111111111111 111 31111111111111111111 11 11111111. 111111
111 ntiae 01111111 1111111 111 111 1111111 111111 11111111.
uum 11111111 11111111. 11111 1111 111111. 1111111111 1111111
utin 1111111111 1111 11 110111111111111 11111 1111 111 111111 1111111
1111111111 1111111111 1111110111 11111111 111 1111111
11111111111111111 11111111 1111 111 111111 1111111 111 11111111
11111111 1111111101 11111111111111 111 111 11111111 0111 11111
1111111111 111111 11 111 11111111111111 1111111111111111111111.
111. 1111111111011111111 11 11111 1111 11111 1111111111 1111111111
111111 11111111 1111111 1111111. 11111 111 11 1111111 1311111111 111111
111. 11. 1. 1111111111 1111111 111 1111111 111 11 1111 11111111
1111 11111111 1111 11111111111111 1111 (111111. 111111. 1111. 1011).

6111111 1811111111 11111111 1111 1111111111 1111111111. 111
1111111111 11 11111111111111111 1111111111 1111 in 111 1111111 11111
11111111 11111 11111111 1111 1111111111111 11111111 11111101111111
1111111 111 111 1111111111 111 1111 1111 11111111 11111 11111 111111 111
1111111111 11111 1111111111. ff. 11. 11111111 1111111111 1111 1111111·
1111 eunt. 1111 1111 111111 11111 1111 11111 1. 1. 1. 11. 11 1111

 

