ζ.

1116.

πυιῖω 11111111 1111111 11111, 11111 11111111111111 11 ,
11 ‘smmis 11111 111 1111 1111111. 1111111111
um 611111 11111111 1111111111 11. 1111111111. ,

111111111111 11111111 1111 1111111111.

11 ὓ1111111111111111111111111. ,

ιι. 111111111111111111 eveniet 1111 1111111 ιιι
1111111111 111 1111111111 11111111 111111 11111111·

11. mzwvmwffim 111111 1111111 11..
11111111 11111111 11111111111111 11111111

Βψίιῗκε 1111111111111111111111111111 1111311111111

1111 611111111111111111.

1118111111 11111111111111111111111 1111111111

111 111 samen.
0111111

ιι. 111111111111111111111 1111 111 1111111 611111
1111 1111111 111111111111111111111111181111

11111111111111111111111.

11111111111111111111 1111111111 1111111111 111 1111
111111 1111111. .

1111111111
1. 1111111111 111 111111111111111111111111111111111
1111 1111111111111111 111
22· 1. 11111 1111111 1111111111 111 1111111 11.
311111
1. 1. 111111 11 11. 6111111 111 111111 1111 111 11111111
111111. 1111111111 116111111111111 1111111111.
¹⁰. 1111 1111111 1111111111111111111111111. 111111
111111 11111 1111111111 1111. 11111111 11111 111
6111111111111.
11 1111111111 11111111111111111111111.

ι. 1.111111111111111ι111 11111111111111 1111111111
111 111 1116111111 11111 1111111111 111111111111
{ug ,1911111311ιὲ 111 1111111 1111111111 111111 111

. must 6111111 11111 111111 111111

 

