266 ¹520.

111111 1111111 1111111111, Ι111111 11111111 1111111111 1111
1111111111111111111111111 11111111 11 mm mmuh ·
1111111 11111, 111 11 1111111 1111111111 &acme Me W
111111 1111 111111 1111111 11111111 11111111 1111 11111111
1111111111) 11 1111 1111 1111111111 111 11111 111111 11111
111111 111 1111 111111, 111 11111111Ιαῦ11 1111 11. mh
11111111111111111 11111111111111111111 flu 11111Ιῦ

1111111. 611111, 1111 1111 111111 11111111 11111 nmine-
11111111 111 1111111111) 1111 1111 11111111 11111.

1111 1111111111 1111 11111 111 111 ’111 11111 uicum
111111 111 1111111 minorue 1111 1111111 Meu 111111 ub
111111 1111111111 11111111111 111 111111111111111 11111111
1111111111111111111111111111 11111 11111111 111 1111111111ιῇ
11111111111111111111) 11 111111 111 111 1111111111, 11. 11 ,11
1111111111ῦ11111111 {dvm 11111 111111 111. σω, ιιι

111111 1111 1111 111111 11111 11 1111111 11111111) 111 κω,
1111111111111111111111111111111. 11111 11 met 1111111

11111111) 1111111111) 1111111111111111111111111. ,

lanne 1111111111 1111111 111 11 1111111111 111 1111 11111
11111 1111 1111111 111111 1111111111 11 1111111 munt? ὓ
111 11111 11111 11111 11111111. 61 11 111 1111111 11111111 §u 111
1111111111, 111111 1111 11111111111111. ammittant 111111 11111
11 11111 11111111 eud) vertutibinqcne 111 11 11111111 mmm·
1111111111111111111111) 1111111 1111111111111111·
1111111111111111111111. 11111111111111111111111.

Φ. 1111111111 tutha.
1111 8111111 vom

1111111. Β.
111 61111111. 1)

&nabe 111 1111111 11 1111111] 11111111 1111111111 11111111 111
1111111111 mnf 1111 meatur 11 111111 m. 611111) 2)111 1111111
111111111111111. 11111 111 111111 111111 1111 111 111 11111·
111111 11111111111111111 111111. ³) 1111111 11 1111 11111111
.-.-.---,-..-1..-.-. ·

1) 1111) 1111111, 2) 6· 1111111111 &amna 111 11 1111111 1111111. 11111111.
3) ε. &nnumin 111 so 1111111.

 

