206 1527.

Φ

1111111111111111111 111111111111111 11 1111 111 1111 6111111 1111
111111111111111111111111111.111111111111111 111111111111λ11111
111111. 11111111. 111111. 11111. 11111. 111. 11111111 x. 1111. ww
1111 1111 1111111111 111111 111111 11111111 111111 11111111 11111111 m 111 U

111111 11111111 ’51111111111311111111 523) „smum μ
3:5tlgsz'osgtwn‘n 1111111111111111 eomas„ affl

&aab 111 1111111 111 111111 1111111 111111, 11111 1111 &nau
11111111. 11111 1111111 11 111 11111111 memma 111 1111111111
111111 11111111 ob 11111111111111111111111111111111111111611·
1111111111 11111 1111 11111 1111111111, 1111 11111111 1111 ΙΙ
111111 11111 11111 111111111111 1111 11111 11111111111111 111111
1111111 1111 111 111 11111111116111111111111111111111 111 111
1111 1111111 111611111111111111 11111 1111 1111111.Ι 61 111111
1111 11111111 11111 (11111 11111111111111111111111111111 111111 ·
11111111 1111111 111 mit 11111111 1111111 111111111111 11 1111111
1111111 111 111111 1111111111 11111 1111 11111 11111 11111, 11111111
31111111, 111111 11111111 1111111 111111 1111111111 11111 1111111 ¹
1111 1111 111 1111111111 11111 1111111 111 1111111 111 1111111111 ¹
111111 1111 11111111111111 111111 11111111 111111111 111111 1
1111 et. 1111111 1111111111 111111 (1111. 111 11), 11111111 6111
1111 11111 111 1111 1111111111 11111111 111111(1111.1,1.)111
11111 11111111 1111111 1111111 1111111111 11 1111 111 Gon 1111111111
1111111111111111111111 1111111 111 11111111, 1111111111 11111111·
11 1111 1111 11111111 1111111 11111111 111111111111111111111111
1111 1111 11111111 111 1111111111 111 11111111111111111111111. 1111
111111111111111 1111111111 1111 11111111 11111 1116111111101·
111111 11111 11111 11111111111111111 1111111111111, 11 1111111111
1111 111111 1111111 111111 1111111111 11111111 1111 1111111111 11111111.

——n-——aeuo

1111 111111111111111111 11111 111111 1111 11111 11111 1111111
111111 111 111 111111 111 11111111111111111111111111 11111111
1111111 111111 111 111111 1111111111 11111111 111 11111111 8111111111·
1111 11 1111111 11111 1111111 111 1111111111] 1111111111 111111 111
611111111111111111 11111111 11111 11111 11111111 1111 111111 1111111
11111111. 1111111111 111 1111111 11111 111111 1111111111 111111
1111111 1111111111 11111111111111111111111111 111 11111 1111 111
,111111111111111111 1111111 111111 111111 (11111111. 1111111111
1111111111 1111 11 11111 11111111 1111111 1111111111111111111 1111
111 11111 111 1111111111 1111 11111 111 1111111111 1111111111

 

