6666. ” 666

3. 66666 6666666 666 ’56666666 666666 66666 6666666 6666 66666666 6666 66666
6666666666. 666 6666 66666 6666666666 666 6666666 6666 66666666 66666 66666666 66666
66666 66666666 6666666666 66 6666666 6666 66666 666 (666666 666666 66666 666 66 666
6666666666 666 666 6666666666 6666666666 666 6666 66 666 66666 66666666 66 66666
66666 6666666666 6666666 666. 66.

6 6666666 (66666 6666 ammantat 666 6666 6666666, 66 666666 66. 666 666 7
6666666666 66666 6666666 amba, 666 6666 6666 6666666666 666 6666666666 666
6666666666 6666666666 6666666, 666 66666666 6666666 66. - -

666666 66666666 6666 66666666. lx. 266. 666. 16666. 6666666. Ν. 369.
mmm. 662. 6666666 xxl. m 6666666666. 6666666. v111. 1666. 66666.
st· 6. 6. ο. 666 666 666 6666666666 6666666 66 666 6666666 6666 Q. 6666666666·
66666666 666 666666 66666 66666 66666666 No. c, 6666666 6666666666 66666 666 6666
6666666666 66666666 666666 6666666666 6666666666, 6666666661666 66666666 66666ί
6666 6666666 666 6666. 66666. 66666666 66666666 6. 166. 6. 6666 6666 66666666 Β.
666666 6666 6666 66666666 66 666 &imminuent 6666666666666666666 vol. 66. 666

silvio 6666666666.
’ ’ ’6.
’ 666 666 66666 666 6666666666.

&aab 6666666666 6666666666. 666666. 6666666666 6666666666
666666 ,66666 666 86666666 &a 66 666 6666 6666 6666666 666 6666666 ·
66 6666 66666666 66666 66666 66666666. 66666666 66666 6666 66666
666 66666 6666 ’66 666666 666 66666 666666 666 66666 6666 66666
66661666 666 666666 6666666. “

6666 6666 Emer 66 666 666666 66666 66666666 66666 66666 66666·
666666. 6666 66666 666 666 6666 666666. 666 6666 666666 6666666 66
66666 6666666, 666666 6666 6666666666 66 6666 666666 6666 66 666 66
666666666 6666 666666 666 666666 6666 6666 66 666666. 666 6666
66666666666666 66 6666666666 otuu 666666, 666666 666 mit 666666
6666666666 66666666, 666 66666 666666 {im 666666 6666 6666 toran·
6666 666666 6666666666 666666 666666 666666 66 66 6666666 666
06666666 666 66. 1

66666 66666 66. 666 66. 666 6666666666 66 6666666666666 6666666
666 06666666 666666. 666 66 6666666 666 66666 666666 6666 6666666 66
666666. 6666 66 6666666666 666 66666 66666666. 6666666666 66666
666666 66666 6666666666666 666 &- 06666666 66666 666 6666666663
6666616666 66666, 666 6666666. 666 6666 6666666 66666. 666666 66
6666666 6666 666 6666 6666 66. 6666 6666666666. ¹

wo 66666 66666 6666666 666666, 66666 666666 666 666 66666666
6666666666 666 6666 6666666666 666666 6666666666 666 66666 6. 8· θ.

 

