1130. , -555

0110111011 11111111 0111110. 111111. 111111 0011111111111111 0111111111
11110 0111111111. 1111111111 1Χ. 111. 011 11.1.011111.11.1.11111
ΧΧ11.11. 11111001. 1113

nem 0110111011111111 610111111113111011 1111 1511111

61111311111131111110. 61111111 111 6101111 0111·
11111111 0111111111 11101111111111 111 1111111111 1111·
1111111111161111 ·

&nabe 111 1111111 11 011111 1111111 011111. 011 01111 11111 1111
11111111111110111111 1111110111 111 1111 111 11111 01111111
1111111011 111 11011 111 111111011111 11111 1110111 11111111 111
111111116011111-,11 1111 111111110111111111.10111 111 11 1111111
111 1111111111111111 6011111101111111 11111101 01111 11 11
0110111111. 01 111, 1011 11111111 11110111 111 11111110 111111 10
111 01111 111 00111111 11110 111111. 111 0110111101111111111
11011 111111 111 1111111 11100111 11 1011011111101 11111101
11 10111 111011 111 11011. 101111111111111111111111111011110
111111 1111111 011111011111-111 111111 1111111111111111101111111111,
11111111111811111111111111 11. 11111 111οι 11 111 11111111
1111 1110111011 111 10111. 11111111 111 1101111116111111111
11111111111111 111 1111111111 111οι 11 111111 1111 01111111 111 101
111 111011 10111111 1101111111111 111 1111 1111 1111101111 111111
11111 101011110101110111111111110111111111 11 110111 01111101.

es 10111111 1110 101 0111111111 11111 1111 11111 1110101111,
111 1110111111 81111 1111110 110 11111111113111111 01111 1101 11
1111111111 1111111. 011101 11 11 1101 111111111111111111111
111111, 11111011 111111 111 11111111 111 11111 11111111110111
0111 1111111 111111 1111 1111 1111111 111111111111111 1111 111 10 11111
0111 1111101101111111111101111111110111, 1111 111 111 81111
11111 0111111 11111111 1111111 0111111111 11111111 111 011111. 11
01111111111111011111.111001 1111111 1111111111101
1111111111111111111110111011111. 01111 111 11110111
10111 1111111 11 111111 11011. 1111 11 111111 11111. 11111 111111 101
00111 0111111010 11111011111110 11111111 1111 11111 1111 0111111
11011111111111101111110110110111111111111110111·
1011 6111111111, 11111110111110111111111111
1111 011111 1011 110 ,111111 111111 1111 1101 0111111 11011111
11101111101110111111 11111 1111111111 1111111 11111 0111111111
8111111111 1111 01111011111111 1111111111 11111111.

 

